1497 0
1498 7
1499 14
5 21
36 26
39 31
41 36
53 41
57 44
58 49
60 53
69 58
86 61
93 66
94 71
101 75
105 79
112 84
117 89
122 94
136 0
146 5
153 10
162 15
178 20
180 23
182 28
187 31
188 36
190 41
192 45
207 50
209 55
219 60
224 63
225 68
249 72
265 74
267 79
271 84
272 89
273 94
284 0
290 5
292 10
299 14
303 17
311 22
323 27
325 31
334 35
336 40
343 45
361 50
366 54
367 59
381 62
388 65
390 69
400 73
404 76
407 81
412 85
430 90
435 94
446 0
460 3
461 8
465 13
470 18
473 22
477 27
481 32
489 37
495 40
500 45
506 49
516 53
517 57
518 62
522 66
535 71
539 75
541 78
542 85
545 90
546 95
548 0
556 5
557 10
560 13
586 18
589 22
594 25
598 30
600 35
613 38
614 42
616 45
617 50
618 55
623 60
624 64
626 69
640 72
669 77
671 80
672 83
679 88
681 91
686 96
694 0
698 3
701 8
707 13
711 18
712 21
723 26
729 31
736 36
747 40
755 45
756 48
757 51
767 55
776 60
777 65
780 70
783 73
787 78
799 83
808 88
809 91
817 0
823 3
835 5
853 10
857 15
859 18
868 23
873 26
878 30
884 35
888 40
889 45
895 50
906 55
908 62
911 67
914 72
922 75
923 78
938 81
941 88
951 92
954 0
967 4
971 9
973 14
977 19
1003 24
1029 27
1033 32
1035 36
1044 39
1055 44
1060 47
1064 52
1072 56
1073 61
1082 65
1087 70
1098 72
1111 77
1120 81
1148 86
1162 89
1163 92
1188 0
1199 4
1201 7
1202 12
1214 16
1225 21
1232 24
1243 29
1244 32
1245 37
1258 42
1271 47
1274 51
1275 56
1282 59
1286 64
1297 69
1315 74
1324 78
1325 81
1348 86
1359 91
1364 94
1388 0
1393 4
1396 9
1398 14
1405 19
1414 23
1415 28
1438 31
1454 38
1461 42
1463 47
1477 52
1485 55
1490 60
1493 63
1494 68
2 71
3 76
7 78
11 80
13 85
18 90
25 95
40 0
46 5
55 10
66 14
73 17
97 21
107 25
110 28
113 30
114 33
142 38
143 45
148 47
151 52
156 55
172 60
193 65
215 68
221 73
226 77
243 80
245 85
246 88
257 91
258 96
294 0
297 2
306 5
309 10
312 13
316 18
318 21
326 26
333 29
345 35
351 40
352 46
353 51
363 55
365 58
371 64
376 67
377 72
389 77
395 79
397 82
399 87
401 88
411 93
418 0
423 2
436 7
439 10
453 13
455 16
463 22
464 24
467 28
471 33
475 38
479 45
482 50
491 56
507 58
513 64
526 69
529 74
532 77
536 81
537 86
552 91
568 0
575 5
581 8
608 11
625 16
628 21
629 24
630 28
631 31
632 35
635 40
639 45
643 50
660 55
664 60
670 63
676 66
688 72
689 76
696 78
697 82
703 87
705 93
709 0
724 6
734 9
739 16
772 20
790 23
800 27
812 31
821 36
832 38
834 43
838 49
858 54
865 59
869 61
870 67
871 72
876 77
885 80
894 84
912 88
915 95
937 0
965 5
975 7
983 12
985 17
990 23
999 28
1002 31
1014 35
1031 40
1039 45
1050 47
1052 49
1059 54
1076 57
1110 62
1113 65
1123 68
1137 72
1142 77
1145 79
1151 83
1156 85
1157 89
1166 91
1193 0
1212 4
1217 7
1219 10
1237 13
1255 18
1259 22
1300 27
1301 31
1303 33
1318 37
1320 42
1328 46
1343 51
1344 56
1346 60
1353 65
1356 67
1361 72
1362 75
1366 77
1376 79
1383 83
1399 88
1406 91
1409 0
1412 5
1417 10
1427 16
1431 21
1437 25
1439 28
1440 33
1450 38
1468 43
1479 48
1480 50
1484 55
0 60
9 63
14 67
17 70
21 75
22 77
24 79
29 84
30 89
32 92
34 95
35 0
37 3
42 6
47 10
52 13
61 16
63 19
64 24
67 29
71 31
72 34
74 37
75 39
77 42
87 46
91 48
92 51
95 56
96 60
106 66
109 70
118 72
119 76
123 81
128 84
134 88
137 93
140 95
152 0
154 2
160 5
167 9
168 12
169 16
173 20
186 23
191 27
198 30
201 33
202 38
208 41
217 45
218 48
220 51
228 54
230 59
231 63
232 65
237 70
244 73
250 76
256 79
279 82
280 86
281 88
293 92
295 93
301 96
310 0
317 4
319 9
324 12
327 16
329 19
331 22
340 28
341 31
342 34
346 38
348 41
349 43
357 46
362 49
364 52
369 56
373 60
379 62
380 65
383 68
384 73
396 76
402 81
406 84
409 87
415 91
416 93
420 95
425 0
431 3
434 7
450 0
646 0
