1497 0
1499 7
1498 14
1438 21
938 28
906 35
541 42
912 49
734 56
475 63
142 70
1274 77
1258 82
1098 87
908 92
776 0
712 5
640 10
624 15
522 20
461 25
460 30
438 35
336 40
265 45
146 50
1485 55
1393 60
1381 65
1286 70
1282 75
1232 80
1214 85
1181 90
1060 95
1044 0
911 5
853 10
835 15
811 20
783 25
777 30
767 35
723 40
707 45
701 50
672 55
618 60
617 65
598 70
556 75
548 80
535 85
290 89
273 94
187 0
180 5
153 10
136 15
122 20
112 25
105 30
41 35
5 40
1480 45
1450 50
1440 55
1439 60
1427 65
1417 70
1412 76
1343 81
1166 86
1076 91
985 0
871 6
838 11
813 16
812 22
703 27
676 33
639 39
608 44
552 49
513 54
482 59
471 65
377 70
365 75
333 81
306 87
305 92
243 0
228 5
215 10
46 15
13 20
1325 25
1275 30
1225 33
1055 36
977 39
967 44
747 49
694 54
681 57
489 62
446 65
381 68
366 71
334 76
182 81
178 84
93 87
1493 92
1415 0
1414 3
1396 8
1364 13
1359 18
1348 21
1297 26
1245 31
1244 36
1243 41
1202 44
1201 48
1188 53
1162 57
1148 60
1082 63
1073 68
1072 72
1064 77
1033 81
1029 85
1003 90
973 93
954 0
941 4
923 8
922 11
889 14
878 19
868 24
859 27
857 32
817 35
809 38
799 43
787 48
780 53
756 56
755 59
729 62
698 67
671 72
669 75
626 78
613 81
594 85
589 90
586 93
557 0
546 3
545 8
542 13
516 18
506 22
495 26
481 31
473 36
470 41
465 45
407 50
404 54
400 59
388 62
343 66
325 71
323 75
284 79
283 84
272 87
271 92
224 0
209 5
190 10
188 14
162 19
117 24
101 29
69 33
60 36
57 41
914 46
895 49
616 54
614 59
600 62
477 65
367 70
299 73
1356 76
1237 81
983 86
926 91
832 0
709 5
660 11
401 16
397 21
351 26
345 32
257 37
119 42
114 47
40 52
28 57
1463 62
1461 67
1398 72
1388 77
1315 81
1271 85
1120 89
1111 94
1087 98
953 0
951 5
884 10
757 15
736 19
623 23
517 27
500 32
430 36
412 40
311 45
303 50
292 55
225 59
207 63
94 68
86 72
39 77
36 82
1406 87
1318 93
1180 0
1145 5
1031 9
870 14
869 19
828 25
751 30
730 34
726 39
714 44
705 49
526 55
507 60
492 66
455 71
449 77
331 82
312 88
156 93
73 0
18 4
2 9
1163 14
873 18
390 22
1278 26
1178 31
1057 36
877 39
683 42
634 47
512 50
509 55
445 60
422 65
395 70
318 73
232 78
63 83
1496 88
1435 92
1407 0
1384 4
1380 8
1360 11
1350 15
1329 18
1328 21
1320 26
1312 30
1293 33
1254 37
1235 40
1219 44
1193 47
1156 51
1122 55
1118 58
1091 61
1014 64
1010 69
994 73
937 77
907 82
847 86
841 91
839 94
807 0
800 3
772 7
763 10
739 13
728 17
722 21
697 25
662 30
643 33
625 38
584 43
553 47
537 52
521 57
496 61
467 64
456 69
453 72
431 75
414 79
406 84
384 87
376 90
316 95
258 0
246 3
245 6
237 9
220 12
208 15
172 19
169 24
160 28
128 32
95 36
77 40
47 44
42 47
17 51
1477 56
1405 59
1324 63
1035 66
808 69
518 72
249 76
133 78
58 81
53 85
1495 88
1484 93
1447 0
1409 5
1401 10
1389 15
1383 18
1346 23
1332 28
1310 33
1299 36
1264 39
1223 44
1221 49
1217 54
1212 57
1175 60
1155 65
1147 70
1141 73
1137 78
1136 83
1113 88
1066 91
1059 94
945 97
858 0
840 5
786 10
784 13
670 16
638 19
635 22
582 27
577 30
575 35
568 38
536 43
531 48
529 51
439 54
436 57
425 60
423 63
420 68
396 71
383 76
371 81
363 84
352 87
329 92
327 95
317 0
226 5
217 8
202 11
191 14
148 17
123 22
92 25
91 30
75 33
66 36
35 39
29 42
25 47
11 50
1494 55
1490 58
1489 61
1479 63
1473 65
1467 68
1457 70
1434 72
1422 77
1390 82
1385 85
1379 87
1370 89
1369 92
1309 95
1308 0
1301 3
1277 5
1265 7
1259 9
1253 14
1233 16
1199 19
1142 22
1135 24
1134 29
1112 34
1095 39
1065 42
1061 45
1052 50
1050 55
1045 57
1043 60
1039 63
1037 65
1036 68
1030 70
1020 73
1017 78
1006 82
975 84
959 89
944 94
891 0
880 5
