1497 0
1499 7
1498 14
1199 21
1087 24
686 26
249 28
58 30
1325 34
1275 39
1225 42
1055 45
977 48
967 53
747 58
694 63
681 66
489 71
446 74
381 77
366 80
334 85
182 90
178 93
1274 0
1258 5
1098 10
908 15
888 20
776 25
712 30
640 35
624 40
522 45
461 50
460 55
438 60
336 65
265 70
146 75
1493 80
1477 85
1415 88
1359 91
1297 94
1244 0
1243 5
1201 8
1162 13
1148 16
1082 19
1003 24
923 27
922 30
889 33
878 38
868 43
857 46
817 49
809 52
799 57
780 62
756 65
755 68
671 71
669 74
626 77
594 80
589 85
560 88
557 93
542 0
495 5
481 10
473 15
465 20
404 25
400 30
343 33
284 38
283 43
272 46
209 51
188 56
69 61
57 64
1317 69
1224 70
836 71
823 75
688 77
631 81
591 85
399 86
361 87
293 91
914 92
895 95
616 0
614 5
600 8
477 11
367 16
299 19
1494 22
1490 25
1473 28
1390 31
1370 34
1369 37
1308 40
1233 43
1095 46
1065 49
1045 52
1043 55
1037 58
1030 61
822 64
796 67
711 70
691 73
679 76
580 79
579 82
544 85
539 88
534 91
533 94
530 97
499 0
474 3
435 6
379 9
340 12
295 15
219 18
167 21
61 24
37 27
30 30
1496 33
1446 37
1423 40
1421 44
1380 47
1366 50
1361 52
1360 55
1353 59
1350 61
1329 64
1312 67
1293 70
1291 74
1263 77
1254 80
1235 83
1227 87
1122 89
1118 92
1091 95
1010 0
1005 4
994 6
965 10
939 12
907 14
904 18
865 21
850 23
841 25
839 28
818 31
807 33
763 36
754 39
728 41
722 45
665 49
664 52
662 55
652 58
644 60
630 63
584 66
583 70
521 73
496 77
456 80
434 83
431 85
406 89
384 92
373 95
348 97
237 0
220 3
208 6
169 10
141 14
128 16
110 20
77 22
72 26
71 29
47 32
42 35
1489 39
1479 41
1467 43
1457 45
1454 47
1434 51
1414 56
1405 61
1396 65
1385 70
1379 72
1364 74
1348 79
1324 84
1309 87
1301 92
1277 94
1265 96
1253 0
1202 2
1188 6
1142 10
1135 12
1134 17
1073 22
1072 26
1064 31
1050 35
1039 37
1036 39
1035 41
1033 44
1029 48
1020 53
1006 58
975 60
973 65
971 70
959 75
954 80
944 84
941 86
925 90
891 95
880 0
859 5
855 10
808 12
802 15
787 17
781 22
760 27
729 29
698 34
661 39
653 41
632 43
613 48
612 52
586 57
578 61
546 66
535 71
524 75
518 77
516 81
506 85
491 89
479 91
470 0
452 4
442 6
416 8
415 10
407 12
388 16
325 20
323 24
280 28
271 30
267 35
231 40
224 42
190 47
162 51
134 56
133 61
117 64
109 69
101 71
87 75
64 77
60 82
53 87
34 90
24 95
22 0
21 2
3 4
1485 6
1393 11
1381 16
1286 21
1282 26
1232 31
1214 36
1181 41
1060 46
1044 51
911 56
853 61
835 66
811 71
783 76
777 81
767 86
723 91
701 0
672 5
618 10
617 15
598 20
556 25
548 30
290 35
273 40
192 45
187 50
180 55
153 60
136 65
122 70
112 75
105 80
41 85
5 90
938 0
906 7
541 14
1464 21
1362 25
1345 27
1342 29
1208 31
1170 35
1157 39
1123 41
1094 45
1051 49
963 51
821 55
804 57
737 59
721 61
689 63
663 65
565 67
562 71
464 75
389 79
369 81
364 85
294 89
279 91
152 95
137 97
67 0
7 2
1278 4
1178 9
1057 14
877 17
683 20
634 25
512 28
509 33
445 38
422 43
395 48
318 51
232 56
63 61
1450 66
1427 71
1412 76
1343 81
1166 86
990 91
838 0
812 5
608 10
552 15
513 20
471 25
306 30
243 35
215 40
46 45
1356 50
1163 55
983 59
926 64
873 69
832 73
660 78
390 83
345 87
119 92
40 0
28 5
1452 10
1435 13
1411 18
1404 21
1399 23
1347 26
1328 29
1319 34
1314 36
1306 39
1219 42
1165 45
1159 48
1097 51
1086 54
1080 57
1074 60
1068 63
937 66
915 71
899 74
845 76
772 79
749 82
745 85
659 88
646 91
643 94
553 0
547 5
487 8
467 11
453 16
450 19
414 22
376 27
357 32
341 35
316 38
297 41
258 44
246 47
245 50
244 53
218 56
173 59
172 62
143 67
52 69
0 72
1463 75
1461 80
1398 85
1388 90
1315 94
1120 0
1111 5
953 9
951 14
884 19
757 24
736 28
623 32
517 36
500 41
430 45
412 49
311 54
303 59
292 64
225 68
207 72
94 77
86 81
39 86
36 91
1316 96
1151 0
463 2
418 4
310 6
1495 10
1484 15
1480 20
1468 25
1466 30
1447 31
1440 36
1439 41
1417 46
1409 52
1401 57
1389 62
1383 65
1382 70
1346 71
1337 76
1332 77
1310 82
1307 85
1305 89
1299 93
1292 96
1287 0
1284 1
1283 2
1269 6
1264 10
1242 15
1223 16
1221 21
1217 26
1213 29
1212 30
1190 33
1175 35
1169 40
1167 42
1155 46
1154 51
1153 52
1149 54
1147 55
1144 58
1141 60
1137 65
1136 70
1127 75
1116 76
1113 77
1102 80
1101 81
1089 82
1078 84
1076 88
1066 93
1059 96
1021 99
985 0
955 6
952 7
949 9
945 13
917 16
901 20
897 24
867 25
864 29
858 30
852 35
840 37
819 42
813 43
810 49
805 50
786 52
784 55
779 58
768 59
744 63
733 67
725 69
719 71
710 72
703 76
699 82
680 83
676 87
670 93
655 96
620 0
610 1
607 3
588 4
582 8
577 11
575 16
572 19
570 21
569 22
568 26
536 31
531 36
529 39
520 42
508 43
504 44
484 45
482 46
469 52
454 53
451 54
439 55
436 58
425 61
423 64
420 69
396 72
386 77
383 81
377 86
371 91
365 94
359 0
